list(x1 = c(104.82, 106.46, 117.64, 90.9, 110.43, 
122.34, 91.08, 116.28, 103.49, 109.58, 97.19, 82.87, 115.18, 
97.48, 95.04, 101.93, 96.95, 91.57, 86.36, 107.24, 109.48, 78.07, 
100.06, 104.82, 130.45, 104.61, 114.75, 93.5, 133.59, 96.77, 
113.33, 72.38, 105.98, 91.19, 119.04, 69.35, 103.03, 89.8, 100.26, 
116.16, 102.41, 100.61, 96.9, 92.22, 102.39, 103.5, 101.58, 88.88, 
94.06, 86.22), x2 = c(93.81, 63.31, 82.82, 90.12, 92.32, 
74.11, 105.23, 83.22, 104.69, 91.59, 111.22, 86.02, 102.5, 74.67, 
77.62, 83.11, 91.26, 103.74, 54.98, 109.59, 75.67, 84.81, 89.16, 
80.1, 84, 89.04, 75.55, 79.33, 92.25, 70.4, 81.21, 88, 93.33, 
86.7, 61.32, 63.92, 77.98, 61.98, 91.63, 92.72, 74.27, 75.33, 
120.08, 65.36, 75.46, 60.09, 56.52, 85.49, 56.91, 89.71), N1=50, N2=50)

